[waypoints]
60,1160,128,100,1
196,1492,128,100,1
646,1616,128,100,1
830,1864,128,100,1
1152,1864,128,100,1
1418,1666,128,100,1
1736,1718,128,75,1
1880,1416,128,80,1
1754,1236,128,100,1
1360,1212,128,100,1
840,1156,128,100,1
566,1160,128,50,1
566,962,128,65,1
756,880,128,80,1
938,646,128,100,1
872,148,128,100,1
392,56,128,100,1
124,128,128,100,1
64,616,128,100,1
[billboards]
0,178,1198
0,58,1460
0,1406,1604
0,962,70
0,10,312
0,572,1022
0,1970,1380
1,326,1478
1,994,1978
1,1760,1348
1,1028,1102
1,834,706
1,802,228
1,182,682
1,1890,1694
1,780,1620